0
0.92597252
0.7090678
0.83739289
0.74606463
0.81700241
0.758993
0.80807075
0.76553365
0.80307445
0.76947452
0.79988684
0.7721057
0.79767836
0.77398552
0.79605915
0.77539461
0.79482194
0.77648942
0.79384644
0.77736398
0.79305804
0.77807823
0.79240804
0.77867218
0.79186328
0.77917354
0.79140041
0.77960211
0.79100253
0.77997243
0.79065707
0.78029539
0.79035454
0.78057933
0.79008758
0.78083073
0.78985045
0.78105472
0.78963858
0.7812554
0.78944828
0.78143607
0.78927656
0.78159945
0.78912096
0.78174778
0.78897943
0.78188293
0.78885027
0.78200645
0.78873205
0.78211969
0.78862353
0.78222375
0.78852367
0.78231962
0.78843158
0.78240812
0.78834649
0.78248997
0.78826772
0.7825658
0.7881947
0.78263615
0.7881269
0.78270151
0.78806387
0.7827623
0.78800523
0.78281889
0.78795062
0.78287161
0.78789972
0.78292075
0.78785226
0.78296658
0.78780799
0.78300934
0.7877667
0.78304923
0.78772817
0.78308644
0.78769224
0.78312113
0.78765874
0.78315347
0.78762753
0.78318359
0.78759847
0.78321161
0.78757145
0.78323765
0.78754637
0.7832618
0.78752313
0.78328416
0.78750163
0.78330481
0.78748181
0.78332382
0.7874636
0.78334126
0.78744692
0.78335719
0.78743172
0.78337167
0.78741796
0.78338473
0.78740558
0.78339643
0.78739454
0.78340681
0.78738482
0.78341589
0.78737638
0.7834237
0.78736919
0.78343027
0.78736323
0.78343562
0.78735849
0.78343976
0.78735494
0.78344271
0.78735258
0.78344448
0.78735141
0.78344507
0.78735141
0.78344448
0.78735258
0.78344271
0.78735494
0.78343976
0.78735849
0.78343562
0.78736323
0.78343027
0.78736919
0.7834237
0.78737638
0.78341589
0.78738482
0.78340681
0.78739454
0.78339643
0.78740558
0.78338473
0.78741796
0.78337167
0.78743172
0.78335719
0.78744692
0.78334126
0.7874636
0.78332382
0.78748181
0.78330481
0.78750163
0.78328416
0.78752313
0.7832618
0.78754637
0.78323765
0.78757145
0.78321161
0.78759847
0.78318359
0.78762753
0.78315347
0.78765874
0.78312113
0.78769224
0.78308644
0.78772817
0.78304923
0.7877667
0.78300934
0.78780799
0.78296658
0.78785226
0.78292075
0.78789972
0.78287161
0.78795062
0.78281889
0.78800523
0.7827623
0.78806387
0.78270151
0.7881269
0.78263615
0.7881947
0.7825658
0.78826772
0.78248997
0.78834649
0.78240812
0.78843158
0.78231962
0.78852367
0.78222375
0.78862353
0.78211969
0.78873205
0.78200645
0.78885027
0.78188293
0.78897943
0.78174778
0.78912096
0.78159945
0.78927656
0.78143607
0.78944828
0.7812554
0.78963858
0.78105472
0.78985045
0.78083073
0.79008758
0.78057933
0.79035454
0.78029539
0.79065707
0.77997243
0.79100253
0.77960211
0.79140041
0.77917354
0.79186328
0.77867218
0.79240804
0.77807823
0.79305804
0.77736398
0.79384644
0.77648942
0.79482194
0.77539461
0.79605915
0.77398552
0.79767836
0.7721057
0.79988684
0.76947452
0.80307445
0.76553365
0.80807075
0.758993
0.81700241
0.74606463
0.83739289
0.7090678
0.92597252
0
-0.92597252
-0.7090678
-0.83739289
-0.74606463
-0.81700241
-0.758993
-0.80807075
-0.76553365
-0.80307445
-0.76947452
-0.79988684
-0.7721057
-0.79767836
-0.77398552
-0.79605915
-0.77539461
-0.79482194
-0.77648942
-0.79384644
-0.77736398
-0.79305804
-0.77807823
-0.79240804
-0.77867218
-0.79186328
-0.77917354
-0.79140041
-0.77960211
-0.79100253
-0.77997243
-0.79065707
-0.78029539
-0.79035454
-0.78057933
-0.79008758
-0.78083073
-0.78985045
-0.78105472
-0.78963858
-0.7812554
-0.78944828
-0.78143607
-0.78927656
-0.78159945
-0.78912096
-0.78174778
-0.78897943
-0.78188293
-0.78885027
-0.78200645
-0.78873205
-0.78211969
-0.78862353
-0.78222375
-0.78852367
-0.78231962
-0.78843158
-0.78240812
-0.78834649
-0.78248997
-0.78826772
-0.7825658
-0.7881947
-0.78263615
-0.7881269
-0.78270151
-0.78806387
-0.7827623
-0.78800523
-0.78281889
-0.78795062
-0.78287161
-0.78789972
-0.78292075
-0.78785226
-0.78296658
-0.78780799
-0.78300934
-0.7877667
-0.78304923
-0.78772817
-0.78308644
-0.78769224
-0.78312113
-0.78765874
-0.78315347
-0.78762753
-0.78318359
-0.78759847
-0.78321161
-0.78757145
-0.78323765
-0.78754637
-0.7832618
-0.78752313
-0.78328416
-0.78750163
-0.78330481
-0.78748181
-0.78332382
-0.7874636
-0.78334126
-0.78744692
-0.78335719
-0.78743172
-0.78337167
-0.78741796
-0.78338473
-0.78740558
-0.78339643
-0.78739454
-0.78340681
-0.78738482
-0.78341589
-0.78737638
-0.7834237
-0.78736919
-0.78343027
-0.78736323
-0.78343562
-0.78735849
-0.78343976
-0.78735494
-0.78344271
-0.78735258
-0.78344448
-0.78735141
-0.78344507
-0.78735141
-0.78344448
-0.78735258
-0.78344271
-0.78735494
-0.78343976
-0.78735849
-0.78343562
-0.78736323
-0.78343027
-0.78736919
-0.7834237
-0.78737638
-0.78341589
-0.78738482
-0.78340681
-0.78739454
-0.78339643
-0.78740558
-0.78338473
-0.78741796
-0.78337167
-0.78743172
-0.78335719
-0.78744692
-0.78334126
-0.7874636
-0.78332382
-0.78748181
-0.78330481
-0.78750163
-0.78328416
-0.78752313
-0.7832618
-0.78754637
-0.78323765
-0.78757145
-0.78321161
-0.78759847
-0.78318359
-0.78762753
-0.78315347
-0.78765874
-0.78312113
-0.78769224
-0.78308644
-0.78772817
-0.78304923
-0.7877667
-0.78300934
-0.78780799
-0.78296658
-0.78785226
-0.78292075
-0.78789972
-0.78287161
-0.78795062
-0.78281889
-0.78800523
-0.7827623
-0.78806387
-0.78270151
-0.7881269
-0.78263615
-0.7881947
-0.7825658
-0.78826772
-0.78248997
-0.78834649
-0.78240812
-0.78843158
-0.78231962
-0.78852367
-0.78222375
-0.78862353
-0.78211969
-0.78873205
-0.78200645
-0.78885027
-0.78188293
-0.78897943
-0.78174778
-0.78912096
-0.78159945
-0.78927656
-0.78143607
-0.78944828
-0.7812554
-0.78963858
-0.78105472
-0.78985045
-0.78083073
-0.79008758
-0.78057933
-0.79035454
-0.78029539
-0.79065707
-0.77997243
-0.79100253
-0.77960211
-0.79140041
-0.77917354
-0.79186328
-0.77867218
-0.79240804
-0.77807823
-0.79305804
-0.77736398
-0.79384644
-0.77648942
-0.79482194
-0.77539461
-0.79605915
-0.77398552
-0.79767836
-0.7721057
-0.79988684
-0.76947452
-0.80307445
-0.76553365
-0.80807075
-0.758993
-0.81700241
-0.74606463
-0.83739289
-0.7090678
-0.92597252
-0
0.92597252
0.7090678
0.83739289
0.74606463
0.81700241
0.758993
0.80807075
0.76553365
0.80307445
0.76947452
0.79988684
0.7721057
0.79767836
0.77398552
0.79605915
0.77539461
0.79482194
0.77648942
0.79384644
0.77736398
0.79305804
0.77807823
0.79240804
0.77867218
0.79186328
0.77917354
0.79140041
0.77960211
0.79100253
0.77997243
0.79065707
0.78029539
0.79035454
0.78057933
0.79008758
0.78083073
0.78985045
0.78105472
0.78963858
0.7812554
0.78944828
0.78143607
0.78927656
0.78159945
0.78912096
0.78174778
0.78897943
0.78188293
0.78885027
0.78200645
0.78873205
0.78211969
0.78862353
0.78222375
0.78852367
0.78231962
0.78843158
0.78240812
0.78834649
0.78248997
0.78826772
0.7825658
0.7881947
0.78263615
0.7881269
0.78270151
0.78806387
0.7827623
0.78800523
0.78281889
0.78795062
0.78287161
0.78789972
0.78292075
0.78785226
0.78296658
0.78780799
0.78300934
0.7877667
0.78304923
0.78772817
0.78308644
0.78769224
0.78312113
0.78765874
0.78315347
0.78762753
0.78318359
0.78759847
0.78321161
0.78757145
0.78323765
0.78754637
0.7832618
0.78752313
0.78328416
0.78750163
0.78330481
0.78748181
0.78332382
0.7874636
0.78334126
0.78744692
0.78335719
0.78743172
0.78337167
0.78741796
0.78338473
0.78740558
0.78339643
0.78739454
0.78340681
0.78738482
0.78341589
0.78737638
0.7834237
0.78736919
0.78343027
0.78736323
0.78343562
0.78735849
0.78343976
0.78735494
0.78344271
0.78735258
0.78344448
0.78735141
0.78344507
0.78735141
0.78344448
0.78735258
0.78344271
0.78735494
0.78343976
0.78735849
0.78343562
0.78736323
0.78343027
0.78736919
0.7834237
0.78737638
0.78341589
0.78738482
0.78340681
0.78739454
0.78339643
0.78740558
0.78338473
0.78741796
0.78337167
0.78743172
0.78335719
0.78744692
0.78334126
0.7874636
0.78332382
0.78748181
0.78330481
0.78750163
0.78328416
0.78752313
0.7832618
0.78754637
0.78323765
0.78757145
0.78321161
0.78759847
0.78318359
0.78762753
0.78315347
0.78765874
0.78312113
0.78769224
0.78308644
0.78772817
0.78304923
0.7877667
0.78300934
0.78780799
0.78296658
0.78785226
0.78292075
0.78789972
0.78287161
0.78795062
0.78281889
0.78800523
0.7827623
0.78806387
0.78270151
0.7881269
0.78263615
0.7881947
0.7825658
0.78826772
0.78248997
0.78834649
0.78240812
0.78843158
0.78231962
0.78852367
0.78222375
0.78862353
0.78211969
0.78873205
0.78200645
0.78885027
0.78188293
0.78897943
0.78174778
0.78912096
0.78159945
0.78927656
0.78143607
0.78944828
0.7812554
0.78963858
0.78105472
0.78985045
0.78083073
0.79008758
0.78057933
0.79035454
0.78029539
0.79065707
0.77997243
0.79100253
0.77960211
0.79140041
0.77917354
0.79186328
0.77867218
0.79240804
0.77807823
0.79305804
0.77736398
0.79384644
0.77648942
0.79482194
0.77539461
0.79605915
0.77398552
0.79767836
0.7721057
0.79988684
0.76947452
0.80307445
0.76553365
0.80807075
0.758993
0.81700241
0.74606463
0.83739289
0.7090678
0.92597252
0
-0.92597252
-0.7090678
-0.83739289
-0.74606463
-0.81700241
-0.758993
-0.80807075
-0.76553365
-0.80307445
-0.76947452
-0.79988684
-0.7721057
-0.79767836
-0.77398552
-0.79605915
-0.77539461
-0.79482194
-0.77648942
-0.79384644
-0.77736398
-0.79305804
-0.77807823
-0.79240804
-0.77867218
-0.79186328
-0.77917354
-0.79140041
-0.77960211
-0.79100253
-0.77997243
-0.79065707
-0.78029539
-0.79035454
-0.78057933
-0.79008758
-0.78083073
-0.78985045
-0.78105472
-0.78963858
-0.7812554
-0.78944828
-0.78143607
-0.78927656
-0.78159945
-0.78912096
-0.78174778
-0.78897943
-0.78188293
-0.78885027
-0.78200645
-0.78873205
-0.78211969
-0.78862353
-0.78222375
-0.78852367
-0.78231962
-0.78843158
-0.78240812
-0.78834649
-0.78248997
-0.78826772
-0.7825658
-0.7881947
-0.78263615
-0.7881269
-0.78270151
-0.78806387
-0.7827623
-0.78800523
-0.78281889
-0.78795062
-0.78287161
-0.78789972
-0.78292075
-0.78785226
-0.78296658
-0.78780799
-0.78300934
-0.7877667
-0.78304923
-0.78772817
-0.78308644
-0.78769224
-0.78312113
-0.78765874
-0.78315347
-0.78762753
-0.78318359
-0.78759847
-0.78321161
-0.78757145
-0.78323765
-0.78754637
-0.7832618
-0.78752313
-0.78328416
-0.78750163
-0.78330481
-0.78748181
-0.78332382
-0.7874636
-0.78334126
-0.78744692
-0.78335719
-0.78743172
-0.78337167
-0.78741796
-0.78338473
-0.78740558
-0.78339643
-0.78739454
-0.78340681
-0.78738482
-0.78341589
-0.78737638
-0.7834237
-0.78736919
-0.78343027
-0.78736323
-0.78343562
-0.78735849
-0.78343976
-0.78735494
-0.78344271
-0.78735258
-0.78344448
-0.78735141
-0.78344507
-0.78735141
-0.78344448
-0.78735258
-0.78344271
-0.78735494
-0.78343976
-0.78735849
-0.78343562
-0.78736323
-0.78343027
-0.78736919
-0.7834237
-0.78737638
-0.78341589
-0.78738482
-0.78340681
-0.78739454
-0.78339643
-0.78740558
-0.78338473
-0.78741796
-0.78337167
-0.78743172
-0.78335719
-0.78744692
-0.78334126
-0.7874636
-0.78332382
-0.78748181
-0.78330481
-0.78750163
-0.78328416
-0.78752313
-0.7832618
-0.78754637
-0.78323765
-0.78757145
-0.78321161
-0.78759847
-0.78318359
-0.78762753
-0.78315347
-0.78765874
-0.78312113
-0.78769224
-0.78308644
-0.78772817
-0.78304923
-0.7877667
-0.78300934
-0.78780799
-0.78296658
-0.78785226
-0.78292075
-0.78789972
-0.78287161
-0.78795062
-0.78281889
-0.78800523
-0.7827623
-0.78806387
-0.78270151
-0.7881269
-0.78263615
-0.7881947
-0.7825658
-0.78826772
-0.78248997
-0.78834649
-0.78240812
-0.78843158
-0.78231962
-0.78852367
-0.78222375
-0.78862353
-0.78211969
-0.78873205
-0.78200645
-0.78885027
-0.78188293
-0.78897943
-0.78174778
-0.78912096
-0.78159945
-0.78927656
-0.78143607
-0.78944828
-0.7812554
-0.78963858
-0.78105472
-0.78985045
-0.78083073
-0.79008758
-0.78057933
-0.79035454
-0.78029539
-0.79065707
-0.77997243
-0.79100253
-0.77960211
-0.79140041
-0.77917354
-0.79186328
-0.77867218
-0.79240804
-0.77807823
-0.79305804
-0.77736398
-0.79384644
-0.77648942
-0.79482194
-0.77539461
-0.79605915
-0.77398552
-0.79767836
-0.7721057
-0.79988684
-0.76947452
-0.80307445
-0.76553365
-0.80807075
-0.758993
-0.81700241
-0.74606463
-0.83739289
-0.7090678
-0.92597252
