0
0
512
0
0
0
170.66666667
0
0
0
102.4
0
0
0
73.14285714
0
0
0
56.88888889
0
0
0
46.54545455
0
0
0
39.38461538
0
0
0
34.13333333
0
0
0
30.11764706
0
0
0
26.94736842
0
0
0
24.38095238
0
0
0
22.26086957
0
0
0
20.48
0
0
0
18.96296296
0
0
0
17.65517241
0
0
0
16.51612903
0
0
0
15.51515152
0
0
0
14.62857143
0
0
0
13.83783784
0
0
0
13.12820513
0
0
0
12.48780488
0
0
0
11.90697674
0
0
0
11.37777778
0
0
0
10.89361702
0
0
0
10.44897959
0
0
0
10.03921569
0
0
0
9.66037736
0
0
0
9.30909091
0
0
0
8.98245614
0
0
0
8.6779661
0
0
0
8.39344262
0
0
0
8.12698413
0
0
0
7.87692308
0
0
0
7.64179104
0
0
0
7.42028986
0
0
0
7.21126761
0
0
0
7.01369863
0
0
0
6.82666667
0
0
0
6.64935065
0
0
0
6.48101266
0
0
0
6.32098765
0
0
0
6.1686747
0
0
0
6.02352941
0
0
0
5.88505747
0
0
0
5.75280899
0
0
0
5.62637363
0
0
0
5.50537634
0
0
0
5.38947368
0
0
0
5.27835052
0
0
0
5.17171717
0
0
0
5.06930693
0
0
0
4.97087379
0
0
0
4.87619048
0
0
0
4.78504673
0
0
0
4.69724771
0
0
0
4.61261261
0
0
0
4.53097345
0
0
0
4.45217391
0
0
0
4.37606838
0
0
0
4.30252101
0
0
0
4.23140496
0
0
0
4.16260163
0
0
0
4.096
0
0
0
4.03149606
0
0
0
3.96899225
0
0
0
3.90839695
0
0
0
3.84962406
0
0
0
3.79259259
0
0
0
3.73722628
0
0
0
3.68345324
0
0
0
3.63120567
0
0
0
3.58041958
0
0
0
3.53103448
0
0
0
3.4829932
0
0
0
3.43624161
0
0
0
3.39072848
0
0
0
3.34640523
0
0
0
3.30322581
0
0
0
3.2611465
0
0
0
3.22012579
0
0
0
3.18012422
0
0
0
3.14110429
0
0
0
3.1030303
0
0
0
3.06586826
0
0
0
3.0295858
0
0
0
2.99415205
0
0
0
2.95953757
0
0
0
2.92571429
0
0
0
2.89265537
0
0
0
2.8603352
0
0
0
2.82872928
0
0
0
2.79781421
0
0
0
2.76756757
0
0
0
2.73796791
0
0
0
2.70899471
0
0
0
2.68062827
0
0
0
2.65284974
0
0
0
2.62564103
0
0
0
2.59898477
0
0
0
2.57286432
0
0
0
2.54726368
0
0
0
2.52216749
0
0
0
2.49756098
0
0
0
2.47342995
0
0
0
2.44976077
0
0
0
2.42654028
0
0
0
2.40375587
0
0
0
2.38139535
0
0
0
2.359447
0
0
0
2.33789954
0
0
0
2.31674208
0
0
0
2.29596413
0
0
0
2.27555556
0
0
0
2.25550661
0
0
0
2.23580786
0
0
0
2.21645022
0
0
0
2.19742489
0
0
0
2.1787234
0
0
0
2.16033755
0
0
0
2.14225941
0
0
0
2.12448133
0
0
0
2.10699588
0
0
0
2.08979592
0
0
0
2.07287449
0
0
0
2.0562249
0
0
0
2.03984064
0
0
0
2.02371542
0
0
0
2.00784314
0
0
0
2.00784314
0
0
0
2.02371542
0
0
0
2.03984064
0
0
0
2.0562249
0
0
0
2.07287449
0
0
0
2.08979592
0
0
0
2.10699588
0
0
0
2.12448133
0
0
0
2.14225941
0
0
0
2.16033755
0
0
0
2.1787234
0
0
0
2.19742489
0
0
0
2.21645022
0
0
0
2.23580786
0
0
0
2.25550661
0
0
0
2.27555556
0
0
0
2.29596413
0
0
0
2.31674208
0
0
0
2.33789954
0
0
0
2.359447
0
0
0
2.38139535
0
0
0
2.40375587
0
0
0
2.42654028
0
0
0
2.44976077
0
0
0
2.47342995
0
0
0
2.49756098
0
0
0
2.52216749
0
0
0
2.54726368
0
0
0
2.57286432
0
0
0
2.59898477
0
0
0
2.62564103
0
0
0
2.65284974
0
0
0
2.68062827
0
0
0
2.70899471
0
0
0
2.73796791
0
0
0
2.76756757
0
0
0
2.79781421
0
0
0
2.82872928
0
0
0
2.8603352
0
0
0
2.89265537
0
0
0
2.92571429
0
0
0
2.95953757
0
0
0
2.99415205
0
0
0
3.0295858
0
0
0
3.06586826
0
0
0
3.1030303
0
0
0
3.14110429
0
0
0
3.18012422
0
0
0
3.22012579
0
0
0
3.2611465
0
0
0
3.30322581
0
0
0
3.34640523
0
0
0
3.39072848
0
0
0
3.43624161
0
0
0
3.4829932
0
0
0
3.53103448
0
0
0
3.58041958
0
0
0
3.63120567
0
0
0
3.68345324
0
0
0
3.73722628
0
0
0
3.79259259
0
0
0
3.84962406
0
0
0
3.90839695
0
0
0
3.96899225
0
0
0
4.03149606
0
0
0
4.096
0
0
0
4.16260163
0
0
0
4.23140496
0
0
0
4.30252101
0
0
0
4.37606838
0
0
0
4.45217391
0
0
0
4.53097345
0
0
0
4.61261261
0
0
0
4.69724771
0
0
0
4.78504673
0
0
0
4.87619048
0
0
0
4.97087379
0
0
0
5.06930693
0
0
0
5.17171717
0
0
0
5.27835052
0
0
0
5.38947368
0
0
0
5.50537634
0
0
0
5.62637363
0
0
0
5.75280899
0
0
0
5.88505747
0
0
0
6.02352941
0
0
0
6.1686747
0
0
0
6.32098765
0
0
0
6.48101266
0
0
0
6.64935065
0
0
0
6.82666667
0
0
0
7.01369863
0
0
0
7.21126761
0
0
0
7.42028986
0
0
0
7.64179104
0
0
0
7.87692308
0
0
0
8.12698413
0
0
0
8.39344262
0
0
0
8.6779661
0
0
0
8.98245614
0
0
0
9.30909091
0
0
0
9.66037736
0
0
0
10.03921569
0
0
0
10.44897959
0
0
0
10.89361702
0
0
0
11.37777778
0
0
0
11.90697674
0
0
0
12.48780488
0
0
0
13.12820513
0
0
0
13.83783784
0
0
0
14.62857143
0
0
0
15.51515152
0
0
0
16.51612903
0
0
0
17.65517241
0
0
0
18.96296296
0
0
0
20.48
0
0
0
22.26086957
0
0
0
24.38095238
0
0
0
26.94736842
0
0
0
30.11764706
0
0
0
34.13333333
0
0
0
39.38461538
0
0
0
46.54545455
0
0
0
56.88888889
0
0
0
73.14285714
0
0
0
102.4
0
0
0
170.66666667
0
0
0
512
0
